$ANSIBLE_VAULT;1.1;AES256
62383630333665333264323537323633373661373039303233363237346562663466353637623135
6138623865323731343263626139326636333338363231300a643465313365663434663166666166
62356462313438653530656530666665666633383231613334303864643030333832313032393930
3864356136353365310a663962396331336137316666653139646635393261653462343438393738
31636563366363623134613135643166376565313266396165333162333734393266353261643630
39366431623239663435386565346438376665323234633063636530353263613832373363363263
35656337396135313864353638356362666261396538663936353538346562663135336365656435
39613439366365376666303361303332386131356139323363346435323432643563643135393736
39383665666131396534666631613533353436636566316638616530366265666663643836353333
33323962646537363764353331656436333466646365343831393365393339363862356633363966
39663836343862336130303337306565383761346138313763663038393534336566656361663362
31306435356639373165396335356462323761643635636236346439303565386465323664356565
30393538323431386637373936663131316433336231346632396163633335313064383161316333
63653430343761333838393838393436383065636338393736613936326231623639633963646234
36316632666433396265663737663261643662666435363162363432333361653764396564653031
61386532656432303731336332663262633039316463306464396461663030343936633132323134
3138
