$ANSIBLE_VAULT;1.1;AES256
66613934306632313837613564653266666261616433333466633766396637316230363433363363
3864656438666239613436353738346163663830323736390a653531386334333739643435626331
31306565333832353562376236613439373063653234393361653466316433376331353234623333
3763663061303330610a326137323733346632396564376235663664643064383762633030383430
66396166653532333630396339303436323163316261613835633836663335333065623039663264
62356433613632326439346262613135326138643135613633633737643163383931326437333631
38616563336236396431343038613363323862656438303331396532366464366461306436653137
63366333663732373963663331616661613561623436633134363934636534613239656139323532
64313339396436363062636239626234303562366366313537633461633939616637643234663737
34633166626437613366633161373263343530636230623238306532366239383835623861356437
61613732623266303339663233373933616461303061356165323135356231336465613835353466
37396332323935373663663863393766333766643334323631333331613833376462356561326366
63313034643661643661623834353861663866653931353132306266336565323435306161373431
38363631343732613765393365663533323438326438663166613534383639383439333830396539
63616530363765373730666330386561653637373463653162623561333362376630313663616335
66633463303864366333353164633065333463326666366264386232323962386433346330613934
66653562613533646431653365646130636261356336303536616338336361656263353861613730
3764303464363239303336336461313565386663316262623964
