$ANSIBLE_VAULT;1.1;AES256
62386439333635623565343962316366356535666363396438353863393431386330373761616334
3463643263316236343635623837373237333265643738370a656537353638353562376265346562
39316532363163616136633834613336346462653037613265343261663838313766363866396632
3833363666393430360a303166396137373436633831633733623065663133323933316236306135
35656639643339373764333630636566633066653233663537363963653861303031326331633238
61376337343161396637666266323462656562326462616661393562623336626632326432643764
64396435353933373334313538316361363466653137643262633235626364326364386138623461
38313339303932666531653638346565303736663036663464613131636136346430633331373839
30303535613531663733366230613839626235626535316265366437333165393031336333623561
35643564643863313436313464356365393139656566373639356633323336663232663362376537
62396261663666666632373039336239303061393036666465633162633665313938323961343935
62366430303761336639353437643239653631393635663930653438653037303966623661313062
39396663646438343433396366376430313933306437376332386538386130366164366133623432
61656663386161633163663832343864396532373963386665386131336230623037643834656232
38363039356636303662363937333134646435383039653234343037303039353439636664616230
34323136643634643461643261626464636663313265343134386536313834653931303465373332
35333232666466303036396636343165313366363738383934326330333934623438303539373265
37393961386366316437356437636236313135326564393930363765643062386663313631373336
66633739653038353036323861353335383832323638383936363263356335313431393561666665
37363039643735653434346236623537353263663438356630396663306466313638646439363265
32613135306438353938663834336530346233656336303933363736343732323738
