$ANSIBLE_VAULT;1.1;AES256
62323933343838376432613633396332663165396537343763336135656166333062613138373763
6133336334643137346530626132383939326536356463310a666339393339316564303038656139
38643965313261626234653335353635643161626634336437663530363635306135616137303965
3333336636373039620a326139383233393437303165633630396266303531333532393633646530
66333961323764353238313337636133396530303530356235386431363133313436383639356363
34323232393035633038643236346262396263626661653437636538663163643364353633646265
63656363326338656138383366323566653138626166613139353963616431323361613034626638
31623736613438313431303663336561303565323133613464313035643239373965636531306139
64366332323331323937343634383061353332656232613739313936336230373434326138663730
39376565313566623364386661303961316364663663353734303161633939323362623631666361
37376364623934393765613434666364366132633564316432333339623531393832343266396663
35626462633864303961636438383765663666363233613433353164303333393937363731613866
64393135356161383263306664636631333163313335333739633265393839653431353939363762
61626332333266313138643465653463376361623538323334323331623738343034326164646137
64306563356666636437663930653062363039326231306631643738633066346633333161353532
34653934303464373337666638323238393434353535636436636533383533643764306233363739
36373138633564656137353864623637313839343463616237666333303765626633386533396439
31663765313233386138373135303230393331636539396164363632343630376536623031316431
32666633306661653266646663366632613662363536326361383633366364626335363633616239
36613462633631333665386636633033643665633865653962346461303939313838356366376534
65653733313535333438626662326462363637616637323463373563306366346135666133373937
30663265643665343963323739616538626339646464656266316134386264646434313461376263
65346430333439303138646536653966653432383936366664623635313462623436313632626430
30643336303132353738303263396634356439313831373431346236623866623665616433623932
38353564626266396531663165363162663333313836366162643731346139386230396564656235
66643234316530323234306639326635613139633663623463353837316638613530336531323535
31323537343233336638613461333034386166636332663834613531643839333731313639353233
65393865643133316165666631613332313261393131623630633735306437326538303762303734
32316334653864646136653963643764646231383630656165373233356230316232663039393564
31313063613236326330373463633332626162336633653936313731363237653839636139313633
37386562353733303137323262663834636234653137333931303665323430636434616630663733
37646233306633363966383638653665393439383439353231626663613635316262323730353032
64623734376436656131373838636133656137653437343138623566353234663336333863626361
31303135623764323165356639316332316635636330666432303537383535383662616161656633
646234313531336462343566316430343162
