$ANSIBLE_VAULT;1.1;AES256
36313637336337316533646163306539666563313335353265373064316330383837303463376238
3965313332356137353262616131373731393330363339640a656337633661306363343732666365
63373330313961303863393837333836336537383330303035616238333633636137633861353366
6139656532333134330a383836393964306662316430613534343330633862346238383536393133
66663231646336363337326630346534303835613433323065666132393637376363396361313233
31623035373137393136386339643034643061663739363633313239333165333031636438373132
34333133396433643139383363313363643234626138326435313830643662393831313866333161
65663563633433356264376238663333623335356262363832623862666261363564633966363061
35663334396664326563393836383134636163383065363763386131336361653061376539346663
64343532326433373032666334393162393864346330393631353761616566376163633966343162
63313737353965616130373831323563323533366266373738636230613934373433333565336330
33643730333136653666346366353062326330343663626434313536383830366434373961336461
37333862353633353662656330366639306366646135333033303965336138663833333365653536
38353564333831376265613661343339383363393962626664336230383062366438333063316636
34633537653134653835333336313537623366356661356433643566363463353838373864366162
62343661383331636337636363643031373538666438306164613734303161626336303432343437
35333962663636313334376634633037656532306162303933663761613361383339
